129 464
194 464
132 464
133 464
325 464
137 464
329 464
522 464
139 464
76 464
205 464
401 464
146 464
287 464
164 464
233 464
53 464
125 464
317 464
129 401
194 401
132 401
133 401
325 401
137 401
329 401
522 401
139 401
76 401
205 401
464 401
146 401
287 401
164 401
233 401
53 401
125 401
317 401
129 146
194 146
132 146
133 146
325 146
137 146
329 146
522 146
139 146
76 146
205 146
464 146
401 146
287 146
164 146
233 146
53 146
125 146
317 146
514 404
263 404
264 404
79 404
86 404
343 404
412 404
160 404
107 404
500 404
504 404
185 404
60 404
254 404
514 86
263 86
264 86
79 86
404 86
343 86
412 86
160 86
107 86
500 86
504 86
185 86
60 86
254 86
514 343
263 343
264 343
79 343
404 343
86 343
412 343
160 343
107 343
500 343
504 343
185 343
60 343
254 343
514 412
263 412
264 412
79 412
404 412
86 412
343 412
160 412
107 412
500 412
504 412
185 412
60 412
254 412
129 287
194 287
132 287
133 287
325 287
137 287
329 287
522 287
139 287
76 287
205 287
464 287
401 287
146 287
164 287
233 287
53 287
125 287
317 287
514 160
263 160
264 160
79 160
404 160
86 160
343 160
412 160
107 160
500 160
504 160
185 160
60 160
254 160
129 164
194 164
132 164
133 164
325 164
137 164
329 164
522 164
139 164
76 164
205 164
464 164
401 164
146 164
287 164
233 164
53 164
125 164
317 164