194 129
132 129
133 129
325 129
137 129
329 129
522 129
139 129
76 129
205 129
464 129
401 129
146 129
287 129
164 129
233 129
53 129
125 129
317 129
129 194
132 194
133 194
325 194
137 194
329 194
522 194
139 194
76 194
205 194
464 194
401 194
146 194
287 194
164 194
233 194
53 194
125 194
317 194
263 514
264 514
79 514
404 514
86 514
343 514
412 514
160 514
107 514
500 514
504 514
185 514
60 514
254 514
129 132
194 132
133 132
325 132
137 132
329 132
522 132
139 132
76 132
205 132
464 132
401 132
146 132
287 132
164 132
233 132
53 132
125 132
317 132
129 133
194 133
132 133
325 133
137 133
329 133
522 133
139 133
76 133
205 133
464 133
401 133
146 133
287 133
164 133
233 133
53 133
125 133
317 133
129 325
194 325
132 325
133 325
137 325
329 325
522 325
139 325
76 325
205 325
464 325
401 325
146 325
287 325
164 325
233 325
53 325
125 325
317 325
514 263
264 263
79 263
404 263
86 263
343 263
412 263
160 263
107 263
500 263
504 263
185 263
60 263
254 263
514 264
263 264
79 264
404 264
86 264
343 264
412 264
160 264
107 264
500 264
504 264
185 264
60 264
254 264
129 137
194 137
132 137
133 137
325 137
329 137
522 137
139 137
76 137
205 137
464 137
401 137
146 137
287 137
164 137
233 137
53 137
125 137
317 137
129 329
194 329
132 329
133 329
325 329
137 329
522 329
139 329
76 329
205 329
464 329
401 329
146 329
287 329
164 329
233 329
53 329
125 329
317 329
129 522
194 522
132 522
133 522
325 522
137 522
329 522
139 522
76 522
205 522
464 522
401 522
146 522
287 522
164 522
233 522
53 522
125 522
317 522
129 139
194 139
132 139
133 139
325 139
137 139
329 139
522 139
76 139
205 139
464 139
401 139
146 139
287 139
164 139
233 139
53 139
125 139
317 139
129 76
194 76
132 76
133 76
325 76
137 76
329 76
522 76
139 76
205 76
464 76
401 76
146 76
287 76
164 76
233 76
53 76
125 76
317 76
129 205
194 205
132 205
133 205
325 205
137 205
329 205
522 205
139 205
76 205
464 205
401 205
146 205
287 205
164 205
233 205
53 205
125 205
317 205
514 79
263 79
264 79
404 79
86 79
343 79
412 79
160 79
107 79
500 79
504 79
185 79
60 79
254 79
