Center Node 129:
left subtree：
[194, 132, 133, 325, 137, 329, 522, 139, 76, 205, 464, 401, 146, 287, 164, 233, 53, 125, 317]
size is: 19  remain node: [129, 514, 263, 264, 79, 404, 86, 343, 412, 160, 107, 500, 504, 185, 60, 254]

rigth subtree：
[194, 132, 133, 325, 137, 329, 522, 139, 76, 205, 464, 401, 146, 287, 164, 53, 125, 317]
size is: 18  remain node: [129, 514, 263, 264, 79, 404, 86, 343, 412, 160, 233, 107, 500, 504, 185, 60, 254]


Center Node 194:
left subtree：
[129, 132, 133, 325, 137, 329, 522, 139, 76, 205, 464, 401, 146, 287, 164, 233, 53, 125, 317]
size is: 19  remain node: [194, 514, 263, 264, 79, 404, 86, 343, 412, 160, 107, 500, 504, 185, 60, 254]

rigth subtree：
[129, 132, 133, 325, 137, 329, 522, 139, 76, 205, 464, 401, 146, 287, 164, 53, 125, 317]
size is: 18  remain node: [194, 514, 263, 264, 79, 404, 86, 343, 412, 160, 233, 107, 500, 504, 185, 60, 254]


Center Node 514:
left subtree：
[263, 264, 79, 404, 86, 343, 412, 160, 107, 500, 504, 185, 60, 254]
size is: 14  remain node: [129, 194, 514, 132, 133, 325, 137, 329, 522, 139, 76, 205, 464, 401, 146, 287, 164, 233, 53, 125, 317]

rigth subtree：
[263, 264, 79, 404, 86, 343, 412, 160, 107, 500, 504, 185, 60, 254]
size is: 14  remain node: [129, 194, 514, 132, 133, 325, 137, 329, 522, 139, 76, 205, 464, 401, 146, 287, 164, 233, 53, 125, 317]


Center Node 132:
left subtree：
[129, 194, 133, 325, 137, 329, 522, 139, 76, 205, 464, 401, 146, 287, 164, 233, 53, 125, 317]
size is: 19  remain node: [514, 132, 263, 264, 79, 404, 86, 343, 412, 160, 107, 500, 504, 185, 60, 254]

rigth subtree：
[129, 194, 133, 325, 137, 329, 522, 139, 76, 205, 464, 401, 146, 287, 164, 53, 125, 317]
size is: 18  remain node: [514, 132, 263, 264, 79, 404, 86, 343, 412, 160, 233, 107, 500, 504, 185, 60, 254]


Center Node 133:
left subtree：
[129, 194, 132, 325, 137, 329, 522, 139, 76, 205, 464, 401, 146, 287, 164, 233, 53, 125, 317]
size is: 19  remain node: [514, 133, 263, 264, 79, 404, 86, 343, 412, 160, 107, 500, 504, 185, 60, 254]

rigth subtree：
[129, 194, 132, 325, 137, 329, 522, 139, 76, 205, 464, 401, 146, 287, 164, 53, 125, 317]
size is: 18  remain node: [514, 133, 263, 264, 79, 404, 86, 343, 412, 160, 233, 107, 500, 504, 185, 60, 254]


Center Node 325:
left subtree：
[129, 194, 132, 133, 137, 329, 522, 139, 76, 205, 464, 401, 146, 287, 164, 233, 53, 125, 317]
size is: 19  remain node: [514, 325, 263, 264, 79, 404, 86, 343, 412, 160, 107, 500, 504, 185, 60, 254]

rigth subtree：
[129, 194, 132, 133, 137, 329, 522, 139, 76, 205, 464, 401, 146, 287, 164, 53, 125, 317]
size is: 18  remain node: [514, 325, 263, 264, 79, 404, 86, 343, 412, 160, 233, 107, 500, 504, 185, 60, 254]


Center Node 263:
left subtree：
[514, 264, 79, 404, 86, 343, 412, 160, 107, 500, 504, 185, 60, 254]
size is: 14  remain node: [129, 194, 132, 133, 325, 263, 137, 329, 522, 139, 76, 205, 464, 401, 146, 287, 164, 233, 53, 125, 317]

rigth subtree：
[514, 264, 79, 404, 86, 343, 412, 160, 107, 500, 504, 185, 60, 254]
size is: 14  remain node: [129, 194, 132, 133, 325, 263, 137, 329, 522, 139, 76, 205, 464, 401, 146, 287, 164, 233, 53, 125, 317]


Center Node 264:
left subtree：
[514, 263, 79, 404, 86, 343, 412, 160, 107, 500, 504, 185, 60, 254]
size is: 14  remain node: [129, 194, 132, 133, 325, 264, 137, 329, 522, 139, 76, 205, 464, 401, 146, 287, 164, 233, 53, 125, 317]

rigth subtree：
[514, 263, 79, 404, 86, 343, 412, 160, 107, 500, 504, 185, 60, 254]
size is: 14  remain node: [129, 194, 132, 133, 325, 264, 137, 329, 522, 139, 76, 205, 464, 401, 146, 287, 164, 233, 53, 125, 317]


Center Node 137:
left subtree：
[129, 194, 132, 133, 325, 329, 522, 139, 76, 205, 464, 401, 146, 287, 164, 233, 53, 125, 317]
size is: 19  remain node: [514, 263, 264, 137, 79, 404, 86, 343, 412, 160, 107, 500, 504, 185, 60, 254]

rigth subtree：
[129, 194, 132, 133, 325, 329, 522, 139, 76, 205, 464, 401, 146, 287, 164, 53, 125, 317]
size is: 18  remain node: [514, 263, 264, 137, 79, 404, 86, 343, 412, 160, 233, 107, 500, 504, 185, 60, 254]


Center Node 329:
left subtree：
[129, 194, 132, 133, 325, 137, 522, 139, 76, 205, 464, 401, 146, 287, 164, 233, 53, 125, 317]
size is: 19  remain node: [514, 263, 264, 329, 79, 404, 86, 343, 412, 160, 107, 500, 504, 185, 60, 254]

rigth subtree：
[129, 194, 132, 133, 325, 137, 522, 139, 76, 205, 464, 401, 146, 287, 164, 53, 125, 317]
size is: 18  remain node: [514, 263, 264, 329, 79, 404, 86, 343, 412, 160, 233, 107, 500, 504, 185, 60, 254]


Center Node 522:
left subtree：
[129, 194, 132, 133, 325, 137, 329, 139, 76, 205, 464, 401, 146, 287, 164, 233, 53, 125, 317]
size is: 19  remain node: [514, 263, 264, 522, 79, 404, 86, 343, 412, 160, 107, 500, 504, 185, 60, 254]

rigth subtree：
[129, 194, 132, 133, 325, 137, 329, 139, 76, 205, 464, 401, 146, 287, 164, 53, 125, 317]
size is: 18  remain node: [514, 263, 264, 522, 79, 404, 86, 343, 412, 160, 233, 107, 500, 504, 185, 60, 254]


Center Node 139:
left subtree：
[129, 194, 132, 133, 325, 137, 329, 522, 76, 205, 464, 401, 146, 287, 164, 233, 53, 125, 317]
size is: 19  remain node: [514, 263, 264, 139, 79, 404, 86, 343, 412, 160, 107, 500, 504, 185, 60, 254]

rigth subtree：
[129, 194, 132, 133, 325, 137, 329, 522, 76, 205, 464, 401, 146, 287, 164, 53, 125, 317]
size is: 18  remain node: [514, 263, 264, 139, 79, 404, 86, 343, 412, 160, 233, 107, 500, 504, 185, 60, 254]


Center Node 76:
left subtree：
[129, 194, 132, 133, 325, 137, 329, 522, 139, 205, 464, 401, 146, 287, 164, 233, 53, 125, 317]
size is: 19  remain node: [514, 263, 264, 76, 79, 404, 86, 343, 412, 160, 107, 500, 504, 185, 60, 254]

rigth subtree：
[129, 194, 132, 133, 325, 137, 329, 522, 139, 205, 464, 401, 146, 287, 164, 53, 125, 317]
size is: 18  remain node: [514, 263, 264, 76, 79, 404, 86, 343, 412, 160, 233, 107, 500, 504, 185, 60, 254]


Center Node 205:
left subtree：
[129, 194, 132, 133, 325, 137, 329, 522, 139, 76, 464, 401, 146, 287, 164, 233, 53, 125, 317]
size is: 19  remain node: [514, 263, 264, 205, 79, 404, 86, 343, 412, 160, 107, 500, 504, 185, 60, 254]

rigth subtree：
[129, 194, 132, 133, 325, 137, 329, 522, 139, 76, 464, 401, 146, 287, 164, 53, 125, 317]
size is: 18  remain node: [514, 263, 264, 205, 79, 404, 86, 343, 412, 160, 233, 107, 500, 504, 185, 60, 254]


Center Node 79:
left subtree：
[514, 263, 264, 404, 86, 343, 412, 160, 107, 500, 504, 185, 60, 254]
size is: 14  remain node: [129, 194, 132, 133, 325, 137, 329, 522, 139, 76, 205, 79, 464, 401, 146, 287, 164, 233, 53, 125, 317]

rigth subtree：
[514, 263, 264, 404, 86, 343, 412, 160, 107, 500, 504, 185, 60, 254]
size is: 14  remain node: [129, 194, 132, 133, 325, 137, 329, 522, 139, 76, 205, 79, 464, 401, 146, 287, 164, 233, 53, 125, 317]


Center Node 464:
left subtree：
[129, 194, 132, 133, 325, 137, 329, 522, 139, 76, 205, 401, 146, 287, 164, 233, 53, 125, 317]
size is: 19  remain node: [514, 263, 264, 79, 464, 404, 86, 343, 412, 160, 107, 500, 504, 185, 60, 254]

rigth subtree：
[129, 194, 132, 133, 325, 137, 329, 522, 139, 76, 205, 401, 146, 287, 164, 53, 125, 317]
size is: 18  remain node: [514, 263, 264, 79, 464, 404, 86, 343, 412, 160, 233, 107, 500, 504, 185, 60, 254]


Center Node 401:
left subtree：
[129, 194, 132, 133, 325, 137, 329, 522, 139, 76, 205, 464, 146, 287, 164, 233, 53, 125, 317]
size is: 19  remain node: [514, 263, 264, 79, 401, 404, 86, 343, 412, 160, 107, 500, 504, 185, 60, 254]

rigth subtree：
[129, 194, 132, 133, 325, 137, 329, 522, 139, 76, 205, 464, 146, 287, 164, 53, 125, 317]
size is: 18  remain node: [514, 263, 264, 79, 401, 404, 86, 343, 412, 160, 233, 107, 500, 504, 185, 60, 254]


Center Node 146:
left subtree：
[129, 194, 132, 133, 325, 137, 329, 522, 139, 76, 205, 464, 401, 287, 164, 233, 53, 125, 317]
size is: 19  remain node: [514, 263, 264, 79, 146, 404, 86, 343, 412, 160, 107, 500, 504, 185, 60, 254]

rigth subtree：
[129, 194, 132, 133, 325, 137, 329, 522, 139, 76, 205, 464, 401, 287, 164, 53, 125, 317]
size is: 18  remain node: [514, 263, 264, 79, 146, 404, 86, 343, 412, 160, 233, 107, 500, 504, 185, 60, 254]


Center Node 404:
left subtree：
[514, 263, 264, 79, 86, 343, 412, 160, 107, 500, 504, 185, 60, 254]
size is: 14  remain node: [129, 194, 132, 133, 325, 137, 329, 522, 139, 76, 205, 464, 401, 146, 404, 287, 164, 233, 53, 125, 317]

rigth subtree：
[514, 263, 264, 79, 86, 343, 412, 160, 107, 500, 504, 185, 60, 254]
size is: 14  remain node: [129, 194, 132, 133, 325, 137, 329, 522, 139, 76, 205, 464, 401, 146, 404, 287, 164, 233, 53, 125, 317]


Center Node 86:
left subtree：
[514, 263, 264, 79, 404, 343, 412, 160, 107, 500, 504, 185, 60, 254]
size is: 14  remain node: [129, 194, 132, 133, 325, 137, 329, 522, 139, 76, 205, 464, 401, 146, 86, 287, 164, 233, 53, 125, 317]

rigth subtree：
[514, 263, 264, 79, 404, 343, 412, 160, 107, 500, 504, 185, 60, 254]
size is: 14  remain node: [129, 194, 132, 133, 325, 137, 329, 522, 139, 76, 205, 464, 401, 146, 86, 287, 164, 233, 53, 125, 317]


Center Node 343:
left subtree：
[514, 263, 264, 79, 404, 86, 412, 160, 107, 500, 504, 185, 60, 254]
size is: 14  remain node: [129, 194, 132, 133, 325, 137, 329, 522, 139, 76, 205, 464, 401, 146, 343, 287, 164, 233, 53, 125, 317]

rigth subtree：
[514, 263, 264, 79, 404, 86, 412, 160, 107, 500, 504, 185, 60, 254]
size is: 14  remain node: [129, 194, 132, 133, 325, 137, 329, 522, 139, 76, 205, 464, 401, 146, 343, 287, 164, 233, 53, 125, 317]


Center Node 412:
left subtree：
[514, 263, 264, 79, 404, 86, 343, 160, 107, 500, 504, 185, 60, 254]
size is: 14  remain node: [129, 194, 132, 133, 325, 137, 329, 522, 139, 76, 205, 464, 401, 146, 412, 287, 164, 233, 53, 125, 317]

rigth subtree：
[514, 263, 264, 79, 404, 86, 343, 160, 107, 500, 504, 185, 60, 254]
size is: 14  remain node: [129, 194, 132, 133, 325, 137, 329, 522, 139, 76, 205, 464, 401, 146, 412, 287, 164, 233, 53, 125, 317]


Center Node 287:
left subtree：
[129, 194, 132, 133, 325, 137, 329, 522, 139, 76, 205, 464, 401, 146, 164, 233, 53, 125, 317]
size is: 19  remain node: [514, 263, 264, 79, 404, 86, 343, 412, 287, 160, 107, 500, 504, 185, 60, 254]

rigth subtree：
[129, 194, 132, 133, 325, 137, 329, 522, 139, 76, 205, 464, 401, 146, 164, 53, 125, 317]
size is: 18  remain node: [514, 263, 264, 79, 404, 86, 343, 412, 287, 160, 233, 107, 500, 504, 185, 60, 254]


Center Node 160:
left subtree：
[514, 263, 264, 79, 404, 86, 343, 412, 107, 500, 504, 185, 60, 254]
size is: 14  remain node: [129, 194, 132, 133, 325, 137, 329, 522, 139, 76, 205, 464, 401, 146, 287, 160, 164, 233, 53, 125, 317]

rigth subtree：
[514, 263, 264, 79, 404, 86, 343, 412, 107, 500, 504, 185, 60, 254]
size is: 14  remain node: [129, 194, 132, 133, 325, 137, 329, 522, 139, 76, 205, 464, 401, 146, 287, 160, 164, 233, 53, 125, 317]


Center Node 164:
left subtree：
[129, 194, 132, 133, 325, 137, 329, 522, 139, 76, 205, 464, 401, 146, 287, 233, 53, 125, 317]
size is: 19  remain node: [514, 263, 264, 79, 404, 86, 343, 412, 160, 164, 107, 500, 504, 185, 60, 254]

rigth subtree：
[129, 194, 132, 133, 325, 137, 329, 522, 139, 76, 205, 464, 401, 146, 287, 53, 125, 317]
size is: 18  remain node: [514, 263, 264, 79, 404, 86, 343, 412, 160, 164, 233, 107, 500, 504, 185, 60, 254]


Center Node 233:
left subtree：
[]
size is: 0  remain node: [129, 194, 514, 132, 133, 325, 263, 264, 137, 329, 522, 139, 76, 205, 79, 464, 401, 146, 404, 86, 343, 412, 287, 160, 164, 233, 107, 500, 53, 504, 185, 60, 125, 317, 254]

rigth subtree：
[129, 194, 132, 133, 325, 137, 329, 522, 139, 76, 205, 464, 401, 146, 287, 164, 53, 125, 317]
size is: 19  remain node: [514, 263, 264, 79, 404, 86, 343, 412, 160, 233, 107, 500, 504, 185, 60, 254]


Center Node 107:
left subtree：
[514, 263, 264, 79, 404, 86, 343, 412, 160, 500, 504, 185, 60, 254]
size is: 14  remain node: [129, 194, 132, 133, 325, 137, 329, 522, 139, 76, 205, 464, 401, 146, 287, 164, 233, 107, 53, 125, 317]

rigth subtree：
[514, 263, 264, 79, 404, 86, 343, 412, 160, 500, 504, 185, 60, 254]
size is: 14  remain node: [129, 194, 132, 133, 325, 137, 329, 522, 139, 76, 205, 464, 401, 146, 287, 164, 233, 107, 53, 125, 317]


Center Node 500:
left subtree：
[514, 263, 264, 79, 404, 86, 343, 412, 160, 107, 504, 185, 60, 254]
size is: 14  remain node: [129, 194, 132, 133, 325, 137, 329, 522, 139, 76, 205, 464, 401, 146, 287, 164, 233, 500, 53, 125, 317]

rigth subtree：
[514, 263, 264, 79, 404, 86, 343, 412, 160, 107, 504, 185, 60, 254]
size is: 14  remain node: [129, 194, 132, 133, 325, 137, 329, 522, 139, 76, 205, 464, 401, 146, 287, 164, 233, 500, 53, 125, 317]


Center Node 53:
left subtree：
[129, 194, 132, 133, 325, 137, 329, 522, 139, 76, 205, 464, 401, 146, 287, 164, 233, 125, 317]
size is: 19  remain node: [514, 263, 264, 79, 404, 86, 343, 412, 160, 107, 500, 53, 504, 185, 60, 254]

rigth subtree：
[129, 194, 132, 133, 325, 137, 329, 522, 139, 76, 205, 464, 401, 146, 287, 164, 125, 317]
size is: 18  remain node: [514, 263, 264, 79, 404, 86, 343, 412, 160, 233, 107, 500, 53, 504, 185, 60, 254]


Center Node 504:
left subtree：
[514, 263, 264, 79, 404, 86, 343, 412, 160, 107, 500, 185, 60, 254]
size is: 14  remain node: [129, 194, 132, 133, 325, 137, 329, 522, 139, 76, 205, 464, 401, 146, 287, 164, 233, 53, 504, 125, 317]

rigth subtree：
[514, 263, 264, 79, 404, 86, 343, 412, 160, 107, 500, 185, 60, 254]
size is: 14  remain node: [129, 194, 132, 133, 325, 137, 329, 522, 139, 76, 205, 464, 401, 146, 287, 164, 233, 53, 504, 125, 317]


Center Node 185:
left subtree：
[514, 263, 264, 79, 404, 86, 343, 412, 160, 107, 500, 504, 60, 254]
size is: 14  remain node: [129, 194, 132, 133, 325, 137, 329, 522, 139, 76, 205, 464, 401, 146, 287, 164, 233, 53, 185, 125, 317]

rigth subtree：
[514, 263, 264, 79, 404, 86, 343, 412, 160, 107, 500, 504, 60, 254]
size is: 14  remain node: [129, 194, 132, 133, 325, 137, 329, 522, 139, 76, 205, 464, 401, 146, 287, 164, 233, 53, 185, 125, 317]


Center Node 60:
left subtree：
[514, 263, 264, 79, 404, 86, 343, 412, 160, 107, 500, 504, 185, 254]
size is: 14  remain node: [129, 194, 132, 133, 325, 137, 329, 522, 139, 76, 205, 464, 401, 146, 287, 164, 233, 53, 60, 125, 317]

rigth subtree：
[514, 263, 264, 79, 404, 86, 343, 412, 160, 107, 500, 504, 185, 254]
size is: 14  remain node: [129, 194, 132, 133, 325, 137, 329, 522, 139, 76, 205, 464, 401, 146, 287, 164, 233, 53, 60, 125, 317]


Center Node 125:
left subtree：
[129, 194, 132, 133, 325, 137, 329, 522, 139, 76, 205, 464, 401, 146, 287, 164, 233, 53, 317]
size is: 19  remain node: [514, 263, 264, 79, 404, 86, 343, 412, 160, 107, 500, 504, 185, 60, 125, 254]

rigth subtree：
[129, 194, 132, 133, 325, 137, 329, 522, 139, 76, 205, 464, 401, 146, 287, 164, 53, 317]
size is: 18  remain node: [514, 263, 264, 79, 404, 86, 343, 412, 160, 233, 107, 500, 504, 185, 60, 125, 254]


Center Node 317:
left subtree：
[129, 194, 132, 133, 325, 137, 329, 522, 139, 76, 205, 464, 401, 146, 287, 164, 233, 53, 125]
size is: 19  remain node: [514, 263, 264, 79, 404, 86, 343, 412, 160, 107, 500, 504, 185, 60, 317, 254]

rigth subtree：
[129, 194, 132, 133, 325, 137, 329, 522, 139, 76, 205, 464, 401, 146, 287, 164, 53, 125]
size is: 18  remain node: [514, 263, 264, 79, 404, 86, 343, 412, 160, 233, 107, 500, 504, 185, 60, 317, 254]


Center Node 254:
left subtree：
[514, 263, 264, 79, 404, 86, 343, 412, 160, 107, 500, 504, 185, 60]
size is: 14  remain node: [129, 194, 132, 133, 325, 137, 329, 522, 139, 76, 205, 464, 401, 146, 287, 164, 233, 53, 125, 317, 254]

rigth subtree：
[514, 263, 264, 79, 404, 86, 343, 412, 160, 107, 500, 504, 185, 60]
size is: 14  remain node: [129, 194, 132, 133, 325, 137, 329, 522, 139, 76, 205, 464, 401, 146, 287, 164, 233, 53, 125, 317, 254]